0000
0005
0000
0000
0000
0000
0000
0000
0000
0005
0000
0000
0000
0000
0000
0000
0001
0005
0000
0000
0000
0000
0000
0000
0001
0005
0001
0000
0000
0000
0000
0000
0001
0005
0001
0000
0000
0000
0000
0000
0001
0005
0001
0000
0000
0000
0000
0000
0002
0005
0001
0000
0000
0000
0000
0000
0002
0005
0003
0000
0000
0000
0000
0000
0002
0005
0003
0000
0000
0000
0000
0000
0002
0005
0003
0000
0000
0000
0000
0000
0003
0005
0003
0000
0000
0000
0000
0000
0003
0005
0006
0000
0000
0000
0000
0000
0003
0005
0006
0000
0000
0000
0000
0000
0003
0005
0006
0000
0000
0000
0000
0000
0004
0005
0006
0000
0000
0000
0000
0000
0004
0005
000a
0000
0000
0000
0000
0000
0004
0005
000a
0000
0000
0000
0000
0000
0004
0005
000a
0000
0000
0000
0000
0000
0005
0005
000a
0000
0000
0000
0000
0000
0005
0005
000f
0000
0000
0000
0000
0000
0005
0005
000f
0000
0000
0000
0000
0000
0005
0005
000f
0000
0000
0000
0000
0000
0005
0005
000f
0000
0000
0000
0000
0000
0005
0005
000f
0000
0000
0000
0000
0000
0005
0005
000f
0000
0000
0000
0000
0000