0005
0000
0000
0000
0000
0000
0000
0000
0005
0000
0000
0000
0000
0000
0000
0000
0005
0000
0000
0000
0000
0000
0000
0000
0005
0000
0000
0000
0000
0000
0000
0000
0005
0000
0000
0000
0000
0000
0000
0000
0005
0000
0000
0000
0000
0000
0000
0000
0005
0000
0000
0000
0000
0000
0000
0000
0005
0000
0000
0000
0000
0000
0000
0000
0005
0000
0000
0000
0000
0000
0000
0000
0005
0000
0000
0000
0000
0000
0000
0000
0005
0000
0000
0000
0000
0000
0000
0000
0005
0000
0000
0000
0000
0000
0000
0000
0005
0000
0000
0000
0000
0000
0000
0000
0005
0000
0000
0000
0000
0000
0000
0000
0005
0000
0000
0000
0000
0000
0000
0000
0005
0000
0000
0000
0000
0000
0000
0000
0005
0000
0000
0000
0000
0000
0000
0000
0005
0000
0000
0000
0000
0000
0000
0000
0005
0000
0000
0000
0000
0000
0000
0000
0005
0000
0000
0000
0000
0000
0000
0000
0005
0000
0000
0000
0000
0000
0000
0000
0005
0000
0000
0000
0000
0000
0000
0000
0005
0000
0000
0000
0000
0000
000f
0000
0005
0000
0000
0000
0000
0000
000f
0000
0005
0000
0000
0000
0000
0000
000f
0000